              precision    recall  f1-score   support

           0       0.96      0.73      0.83        33
           1       0.89      0.93      0.91       344
           2       0.79      0.95      0.86       346
           3       0.97      0.83      0.90       210
           4       0.94      0.95      0.95       302
           5       0.94      0.76      0.84       286
           6       0.98      0.90      0.94        68
           7       0.89      0.86      0.87       198
           8       0.95      0.82      0.88       211
           9       0.95      0.96      0.96       248
          10       0.96      0.98      0.97       282
          11       0.79      0.97      0.87       178
          12       0.96      0.99      0.98       302
          13       0.95      1.00      0.97       304
          14       0.96      0.98      0.97       117
          15       0.96      0.94      0.95        93
          16       0.96      0.85      0.90        61
          17       0.98      0.94      0.96       172
          18       0.92      0.92      0.92       170
          19       0.94      0.91      0.93        34
          20       0.77      0.83      0.80        58
          21       0.87      0.94      0.90        49
          22       0.94      0.90      0.92        68
          23       0.93      0.73      0.82        75
          24       1.00      0.83      0.91        42
          25       0.93      0.97      0.95       213
          26       0.88      0.95      0.91        96
          27       0.84      0.82      0.83        33
          28       0.85      0.83      0.84        70
          29       0.96      0.70      0.81        37
          30       0.93      0.73      0.82        71
          31       0.95      0.90      0.92       117
          32       0.96      0.84      0.90        32
          33       0.98      0.99      0.98        96
          34       0.95      0.93      0.94        68
          35       0.95      1.00      0.98       205
          36       0.98      0.98      0.98        57
          37       0.92      0.96      0.94        25
          38       0.99      0.98      0.98       330
          39       1.00      0.98      0.99        44
          40       0.90      0.93      0.91        56
          41       0.90      0.88      0.89        43
          42       0.73      0.95      0.83        38

    accuracy                           0.92      5882
   macro avg       0.92      0.90      0.91      5882
weighted avg       0.93      0.92      0.92      5882

Test loss = 0.2694450914859772
Test accuracy = 0.9219653010368347
