              precision    recall  f1-score   support

           0       1.00      0.97      0.99        35
           1       1.00      0.93      0.96       344
           2       0.99      0.97      0.98       327
           3       0.98      0.90      0.94       217
           4       0.95      0.99      0.97       299
           5       0.93      0.91      0.92       272
           6       1.00      1.00      1.00        79
           7       0.87      0.99      0.92       236
           8       0.94      0.99      0.96       215
           9       1.00      0.99      1.00       220
          10       1.00      1.00      1.00       321
          11       1.00      1.00      1.00       211
          12       1.00      1.00      1.00       320
          13       1.00      1.00      1.00       297
          14       1.00      1.00      1.00       119
          15       1.00      0.99      0.99        85
          16       1.00      1.00      1.00        64
          17       1.00      1.00      1.00       177
          18       0.99      1.00      0.99       172
          19       0.97      1.00      0.99        35
          20       0.94      1.00      0.97        60
          21       1.00      0.96      0.98        45
          22       1.00      0.97      0.98        58
          23       0.94      0.98      0.96        65
          24       0.89      1.00      0.94        39
          25       1.00      1.00      1.00       227
          26       1.00      0.96      0.98       100
          27       0.97      1.00      0.99        34
          28       1.00      1.00      1.00        82
          29       1.00      1.00      1.00        38
          30       0.97      0.95      0.96        66
          31       1.00      0.98      0.99       118
          32       0.98      1.00      0.99        44
          33       1.00      1.00      1.00        93
          34       1.00      1.00      1.00        64
          35       0.99      1.00      1.00       171
          36       1.00      1.00      1.00        62
          37       1.00      1.00      1.00        30
          38       1.00      1.00      1.00       300
          39       1.00      1.00      1.00        37
          40       1.00      1.00      1.00        44
          41       1.00      0.97      0.99        36
          42       1.00      1.00      1.00        24

    accuracy                           0.98      5882
   macro avg       0.98      0.99      0.98      5882
weighted avg       0.98      0.98      0.98      5882

Test loss = 0.0715465098619461
Test accuracy = 0.9812988638877869
