              precision    recall  f1-score   support

           0       1.00      0.87      0.93        38
           1       0.94      0.95      0.95       322
           2       0.89      0.97      0.93       328
           3       0.99      0.92      0.95       219
           4       0.96      0.98      0.97       295
           5       0.91      0.89      0.90       263
           6       1.00      0.98      0.99        63
           7       0.97      0.91      0.94       213
           8       0.89      0.92      0.91       208
           9       1.00      0.99      0.99       209
          10       0.99      1.00      0.99       294
          11       0.98      0.94      0.96       192
          12       1.00      1.00      1.00       298
          13       1.00      1.00      1.00       312
          14       0.98      0.99      0.99       128
          15       1.00      0.94      0.97        97
          16       0.99      0.99      0.99        77
          17       1.00      1.00      1.00       178
          18       0.98      0.98      0.98       184
          19       0.96      0.92      0.94        26
          20       0.96      0.98      0.97        44
          21       0.92      0.94      0.93        50
          22       0.98      0.98      0.98        57
          23       1.00      1.00      1.00        76
          24       0.90      0.98      0.94        48
          25       0.98      0.98      0.98       227
          26       0.93      0.93      0.93       100
          27       0.93      0.95      0.94        43
          28       0.89      0.97      0.93        68
          29       0.97      0.83      0.90        42
          30       0.86      0.92      0.89        72
          31       1.00      0.98      0.99       115
          32       0.95      1.00      0.98        40
          33       1.00      1.00      1.00       102
          34       0.98      0.98      0.98        66
          35       1.00      1.00      1.00       203
          36       0.98      1.00      0.99        58
          37       0.97      1.00      0.98        28
          38       1.00      1.00      1.00       313
          39       0.98      0.92      0.95        49
          40       0.97      0.97      0.97        61
          41       1.00      1.00      1.00        40
          42       0.95      1.00      0.97        36

    accuracy                           0.97      5882
   macro avg       0.97      0.96      0.96      5882
weighted avg       0.97      0.97      0.97      5882

Test loss = 0.10518664121627808
Test accuracy = 0.9668480157852173
