              precision    recall  f1-score   support

           0       0.94      0.94      0.94        35
           1       0.91      0.98      0.95       335
           2       0.98      0.93      0.95       328
           3       0.99      0.98      0.99       204
           4       0.99      1.00      0.99       297
           5       0.96      0.93      0.94       251
           6       1.00      0.98      0.99        63
           7       0.97      0.96      0.97       225
           8       0.96      0.97      0.97       213
           9       1.00      1.00      1.00       242
          10       1.00      1.00      1.00       324
          11       0.99      1.00      0.99       196
          12       1.00      0.99      1.00       304
          13       1.00      1.00      1.00       328
          14       1.00      1.00      1.00       111
          15       0.99      0.98      0.99       103
          16       1.00      1.00      1.00        75
          17       1.00      1.00      1.00       179
          18       0.99      0.98      0.99       168
          19       0.93      0.96      0.95        27
          20       0.97      0.97      0.97        64
          21       1.00      0.98      0.99        46
          22       0.96      1.00      0.98        54
          23       0.99      1.00      0.99        88
          24       0.98      0.95      0.96        42
          25       1.00      0.99      0.99       207
          26       0.99      0.98      0.98        94
          27       1.00      1.00      1.00        34
          28       0.94      0.99      0.96        68
          29       1.00      0.97      0.98        31
          30       1.00      0.97      0.99        69
          31       0.99      0.99      0.99       104
          32       1.00      1.00      1.00        46
          33       1.00      1.00      1.00       102
          34       1.00      1.00      1.00        58
          35       0.99      0.99      0.99       158
          36       1.00      1.00      1.00        52
          37       0.94      1.00      0.97        33
          38       1.00      1.00      1.00       334
          39       0.98      1.00      0.99        51
          40       1.00      0.98      0.99        51
          41       0.98      1.00      0.99        43
          42       1.00      0.98      0.99        45

    accuracy                           0.98      5882
   macro avg       0.98      0.98      0.98      5882
weighted avg       0.98      0.98      0.98      5882

Test loss = 0.07494090497493744
Test accuracy = 0.9833390116691589
