              precision    recall  f1-score   support

           0       0.97      0.85      0.91        40
           1       0.98      0.96      0.97       366
           2       0.90      0.99      0.94       344
           3       0.93      0.96      0.95       216
           4       0.98      0.98      0.98       311
           5       0.90      0.90      0.90       268
           6       1.00      0.97      0.99        75
           7       0.88      0.95      0.91       184
           8       0.98      0.81      0.89       215
           9       1.00      0.97      0.99       239
          10       0.99      0.98      0.99       276
          11       0.97      0.93      0.95       194
          12       1.00      0.99      1.00       308
          13       0.99      1.00      1.00       334
          14       0.99      1.00      1.00       111
          15       1.00      0.99      1.00       111
          16       0.92      1.00      0.96        58
          17       0.99      0.99      0.99       161
          18       0.94      1.00      0.97       178
          19       0.84      1.00      0.91        32
          20       0.90      0.97      0.93        58
          21       0.95      0.93      0.94        40
          22       0.94      0.91      0.92        54
          23       0.99      0.93      0.96        74
          24       0.95      0.92      0.93        38
          25       0.98      1.00      0.99       224
          26       0.96      0.82      0.89        90
          27       0.68      0.91      0.78        33
          28       0.75      0.97      0.85        80
          29       0.97      0.68      0.80        41
          30       1.00      0.71      0.83        49
          31       1.00      0.98      0.99       140
          32       1.00      0.97      0.98        30
          33       0.98      0.99      0.98        92
          34       1.00      1.00      1.00        62
          35       0.99      0.99      0.99       188
          36       0.98      1.00      0.99        49
          37       1.00      1.00      1.00        30
          38       1.00      0.99      0.99       331
          39       1.00      1.00      1.00        34
          40       1.00      0.97      0.98        58
          41       0.94      1.00      0.97        31
          42       0.92      1.00      0.96        35

    accuracy                           0.96      5882
   macro avg       0.95      0.95      0.95      5882
weighted avg       0.96      0.96      0.96      5882

Test loss = 0.12529025971889496
Test accuracy = 0.9615777134895325
