              precision    recall  f1-score   support

           0       0.92      1.00      0.96        33
           1       0.95      0.95      0.95       325
           2       0.93      0.95      0.94       348
           3       0.95      0.97      0.96       202
           4       0.99      0.97      0.98       294
           5       0.92      0.92      0.92       271
           6       0.98      1.00      0.99        57
           7       0.96      0.96      0.96       224
           8       0.94      0.95      0.94       207
           9       1.00      0.98      0.99       243
          10       0.99      0.98      0.98       283
          11       0.99      0.96      0.98       205
          12       1.00      1.00      1.00       299
          13       0.99      1.00      1.00       337
          14       1.00      1.00      1.00       119
          15       1.00      0.99      1.00       105
          16       1.00      0.98      0.99        57
          17       1.00      0.99      1.00       177
          18       0.98      0.97      0.97       174
          19       0.93      0.96      0.95        28
          20       0.92      0.96      0.94        70
          21       1.00      1.00      1.00        53
          22       0.94      1.00      0.97        67
          23       0.97      0.97      0.97        66
          24       0.92      0.95      0.93        37
          25       0.99      0.95      0.97       191
          26       0.93      0.97      0.95        89
          27       0.94      0.94      0.94        31
          28       0.89      1.00      0.94        78
          29       1.00      0.63      0.78        41
          30       0.79      0.91      0.85        64
          31       1.00      0.98      0.99       126
          32       0.94      1.00      0.97        31
          33       1.00      0.99      1.00       106
          34       0.97      1.00      0.99        69
          35       0.99      0.99      0.99       180
          36       1.00      0.98      0.99        59
          37       0.97      1.00      0.99        34
          38       1.00      0.99      0.99       332
          39       1.00      1.00      1.00        54
          40       0.96      0.96      0.96        47
          41       1.00      0.95      0.98        42
          42       0.93      1.00      0.96        27

    accuracy                           0.97      5882
   macro avg       0.96      0.97      0.96      5882
weighted avg       0.97      0.97      0.97      5882

Test loss = 0.1054416224360466
Test accuracy = 0.9704182147979736
