              precision    recall  f1-score   support

           0       1.00      1.00      1.00        31
           1       1.00      1.00      1.00       337
           2       1.00      1.00      1.00       319
           3       1.00      0.99      0.99       199
           4       1.00      1.00      1.00       317
           5       1.00      1.00      1.00       292
           6       1.00      1.00      1.00        62
           7       1.00      1.00      1.00       218
           8       1.00      1.00      1.00       215
           9       1.00      1.00      1.00       218
          10       1.00      1.00      1.00       313
          11       0.99      1.00      1.00       186
          12       1.00      1.00      1.00       311
          13       1.00      1.00      1.00       287
          14       1.00      0.99      1.00       117
          15       1.00      0.98      0.99        96
          16       0.99      1.00      0.99        71
          17       0.99      0.99      0.99       170
          18       1.00      1.00      1.00       165
          19       1.00      1.00      1.00        28
          20       1.00      1.00      1.00        60
          21       1.00      1.00      1.00        53
          22       1.00      1.00      1.00        58
          23       1.00      1.00      1.00        71
          24       1.00      1.00      1.00        39
          25       1.00      1.00      1.00       262
          26       0.99      1.00      0.99        89
          27       1.00      1.00      1.00        37
          28       1.00      1.00      1.00        65
          29       1.00      1.00      1.00        43
          30       1.00      1.00      1.00        80
          31       1.00      1.00      1.00        96
          32       1.00      1.00      1.00        37
          33       1.00      1.00      1.00       102
          34       1.00      1.00      1.00        63
          35       1.00      1.00      1.00       202
          36       1.00      1.00      1.00        45
          37       1.00      1.00      1.00        29
          38       1.00      1.00      1.00       334
          39       1.00      1.00      1.00        54
          40       1.00      1.00      1.00        49
          41       1.00      1.00      1.00        31
          42       1.00      1.00      1.00        31

    accuracy                           1.00      5882
   macro avg       1.00      1.00      1.00      5882
weighted avg       1.00      1.00      1.00      5882

Test loss = 0.004798052832484245
Test accuracy = 0.9986399412155151
